-0.980016
-0.520009
-0.39334
-0.026667
-0.0533341
-0.106668
-0.180003
-0.253338
-0.480008
-0.58001
-0.660011
-0.760013
-0.860014
-0.866681
-0.866681
-0.873348
-0.880015
-0.886682
-0.900015
-0.913349
-0.926682
-0.946683
-0.953349
-0.953349
-0.960016
-0.960016
-0.966683
-0.966683
-0.966683
-0.906682
-0.913349
-0.926682
-0.933349
-0.933349
-0.933349
-0.933349
-0.940016
-0.946683
-0.946683
-0.953349
-0.953349
-0.953349
-0.953349
-0.960016
-0.960016
-0.960016
-0.960016
-0.960016
-0.966683
-0.966683
-0.97335
-0.97335
-0.97335
-0.97335
-0.980016
-0.980016
-0.980016
-0.980016
-0.980016
-0.980016
-0.980016
-0.980016
-0.980016
-0.980016
-0.980016
-0.980016
-0.980016
-0.97335
-0.97335
-0.97335
-0.97335
-0.97335
-0.97335
-0.97335
-0.97335
-0.97335
-0.97335
-0.97335
-0.97335
-0.97335
-0.97335
-0.97335
-0.97335
-0.97335
-0.97335
-0.97335
-0.980016
-0.980016
-0.980016
-0.980016
-0.980016
-0.980016
-0.980016
-0.980016
-0.980016
-0.986683
-0.986683
-0.986683
-0.99335
-0.99335
